../../../.git/annex/objects/xZ/Jg/MD5E-s106153--f41c72984b6e89b4fea909bce490a4ea.tsv/MD5E-s106153--f41c72984b6e89b4fea909bce490a4ea.tsv